## B站《大道朝天》动漫总数据统计(更新时间：2025-11-13 22:18:34)

### 表格数据

|类型|集数|名称|播放量|点赞数|投币数|收藏数|弹幕数|分享数|评论数|
| :--: | :--: | :-------------: | --------: | :----: | -----: | -----: | -----: | -----: | -----: |
|正片|1|如果人生能重来|1759,1982|8,4626|3,5475|5,4286|4,1637|7028|4391|
|正片|2|偏向故山行|477,0558|2,8408|1,6205|4772|2,0862|756|874|
|正片|3|公子只是怕麻烦|395,0783|2,2642|1,3562|3679|7273|443|793|
|正片|4|剑归青山|438,4736|2,2937|1,4234|3806|7396|461|872|
|正片|5|隔着漫天血花相对|390,1884|2,0321|1,4333|3442|7656|502|1104|
|正片|6|人是我杀的|364,0381|2,3197|1,5928|3681|5855|371|763|
|正片|7|少年你意欲何为|348,8582|2,2098|1,5806|3197|7571|387|929|
|正片|8|我也是这么想的|330,2922|1,8799|1,2716|2698|5916|333|1009|
|正片|9|原来你一直在这里|339,4972|1,9666|1,3950|2818|6175|401|1306|
|正片|10|阴三是一个好名字|468,3859|2,4554|1,4448|4425|6391|643|1501|
|正片|11|养不熟的刘阿大|393,3090|1,9730|1,2978|2986|8610|367|898|
|正片|12|千百年来皆如此|333,4553|1,8608|1,2158|2815|4449|320|846|
|正片|13|你们想死吗？|328,5343|1,7669|1,1281|2661|3836|262|665|
|正片|14|两个大魔头|315,3606|1,7378|1,1777|2416|4345|239|838|
|正片|15|我能想到最简单的事|314,1457|1,8190|1,2337|2893|4572|235|744|
|正片|16|大道朝天，各走一边|418,5778|3,8709|3,5362|7169|1,0476|905|3395|
|预告|发布会PV|满级大佬重生回到新手村|71,8905|2569|867|374|39|99|153|
|预告|火锅公路修仙动画|猫腻脑洞最大小说改编-《大道朝天》|316,0610|7676|3364|1523|1139|216|677|
|预告|终极PV|今日12:00开播|52,2330|1794|690|442|15|133|111|
|预告|ED《江畔夜游》正式发布！||22,1736|996|215|147|16|55|69|
|预告|OP《大道朝天》正式发布！||26,5974|1644|284|318|91|91|179|
|预告|大道朝天角色PV——井九||18,4404|1094|160|205|63|125|138|
|预告|大道朝天角色PV——阴三||13,7317|765|74|72|24|23|83|
|预告|大道朝天角色PV——赵腊月||13,5893|827|120|75|26|28|136|
|预告|大道朝天角色PV——白鬼||12,4138|908|98|77|43|44|102|
|预告|大道朝天角色PV——柳十岁||12,4429|891|110|80|24|33|110|
|预告|大道朝天定档10月10日！||25,8544|2315|329|495|103|293|544|
|预告|PV2|大道朝天，各走一边。|28,9572|2532|345|630|190|309|503|
|预告|概念PV|踏上重回巅峰之路|27,3945|2488|268|322|79|205|441|
|预告|第1集预告||29,3991|742|80|48|12|17|36|
|预告|第2集预告||31,0608|760|215|137|10|14|17|
|预告|第3集预告||28,7586|771|154|113|2|16|11|
|预告|第4集预告||64,4237|2521|1172|370|28|52|239|
|预告|第5集预告||107,0775|3156|1412|552|29|77|198|
|预告|第6集预告||101,8052|3814|2146|726|35|81|287|
|预告|第7集预告||86,4300|2872|1234|341|38|37|199|
|预告|第8集预告||98,3337|3420|1707|528|85|46|339|
|预告|第9集预告||98,4602|3906|1804|612|43|62|321|
|预告|第10集预告||97,9739|4207|2187|591|65|48|361|
|预告|第11集预告||76,3854|3025|1302|374|29|27|197|
|预告|第12集预告||80,2546|2726|1028|243|35|39|120|
|预告|第13集预告||70,3363|2729|1169|319|33|28|126|
|预告|第14集预告||74,5709|3046|1181|309|32|44|123|
|预告|第15集预告||70,9838|2850|1065|308|40|31|162|
|预告|第16集预告||64,6178|3319|1438|310|38|23|174|
|特别花絮|鲛人起舞，来看！||3,6508|350|43|80|2|5|14|
|特别花絮|大道朝天，各走一边，|你走你的，别来烦我|1,6900|198|29|27|0|7|6|
|特别花絮|你已有取死之道！||7,7459|1506|66|98|5|13|53|
|特别花絮|你的伪装，毫无用处||9,2986|122|50|34|0|3|6|
|特别花絮|路见不平，只需一剑||12,9145|165|62|31|4|8|10|
|特别花絮|你们想死吗？||11,2648|144|61|24|4|2|4|
|特别花絮|井九训猫反被挠||19,4508|155|59|26|3|7|10|
|特别花絮|吃火锅=修仙？||16,7220|167|69|32|8|30|9|
|特别花絮|井九"携"腊月成功登顶神末峰||21,6351|327|124|82|1|12|19|
|特别花絮|井九开导腊月，神末传承再现||10,3328|189|56|24|1|7|2|
|特别花絮|我要为神末峰再续传承||19,7604|220|88|49|0|7|19|
|特别花絮|腊月前方开路，井九后头乘凉||10,3852|114|42|27|1|4|5|
|特别花絮|井九出手，技惊四座||29,0278|607|161|140|18|17|26|
|特别花絮|用最平淡的语气说最装的话||23,2591|776|105|94|12|18|44|
|特别花絮|寻仇？最开始有过几次|后来就没人敢了|10,3870|87|30|23|4|3|4|
|特别花絮|元骑鲸出手，压迫感拉满||17,7134|378|63|42|3|13|17|
|特别花絮|这一天，他与她隔着漫天血花相对||16,7750|394|67|45|3|9|21|
|特别花絮|我想说的是，你就不该离我这么近！||12,9158|159|49|31|2|5|18|
|特别花絮|你的剑不错，我取了||13,9554|164|57|47|10|7|12|
|特别花絮|我两忘峰弟子，不可以是一个仆人||11,8795|104|43|31|7|6|10|
|特别花絮|你们打你们的，我飞升我的||10,5926|98|44|28|2|7|7|
|特别花絮|这样大气的仙师请给我来十位！||11,1993|103|45|28|1|3|1|
|特别花絮|天生道种居然与人为仆！||8,8527|51|26|12|0|1|1|
|特别花絮|这一天，他感受到了来自学神的碾压||14,4609|154|56|27|1|2|9|
|特别花絮|此去经年自然忘却，不忘反不美||10,1353|83|35|16|0|4|1|
|特别花絮|PV|如果人生可以重来，我大概还是这样！|14,6059|222|57|61|3|30|77|
|汇总|||播放量|点赞数|投币数|收藏数|弹幕数|分享数|评论数|
|汇总| | |9587,7104|49,4932|29,0355|11,9544|15,5521|1,6179|1,6179|


## 播放量TOP10

### 表格数据

|类型|集数|名称|播放量|点赞数|投币数|收藏数|弹幕数|分享数|评论数|
| :--: | :--: | :-------------: | --------: | :----: | -----: | -----: | -----: | -----: | -----: |
|正片|1|如果人生能重来|1759,1982|8,4626|3,5475|5,4286|4,1637|7028|4391|
|正片|2|偏向故山行|477,0558|2,8408|1,6205|4772|2,0862|756|874|
|正片|10|阴三是一个好名字|468,3859|2,4554|1,4448|4425|6391|643|1501|
|正片|4|剑归青山|438,4736|2,2937|1,4234|3806|7396|461|872|
|正片|16|大道朝天，各走一边|418,5778|3,8709|3,5362|7169|1,0476|905|3395|
|正片|3|公子只是怕麻烦|395,0783|2,2642|1,3562|3679|7273|443|793|
|正片|11|养不熟的刘阿大|393,3090|1,9730|1,2978|2986|8610|367|898|
|正片|5|隔着漫天血花相对|390,1884|2,0321|1,4333|3442|7656|502|1104|
|正片|6|人是我杀的|364,0381|2,3197|1,5928|3681|5855|371|763|
|正片|7|少年你意欲何为|348,8582|2,2098|1,5806|3197|7571|387|929|

### 数据可视化

![播放量TOP10](./images/播放量TOP10.png)

## 点赞数TOP10

### 表格数据

|类型|集数|名称|播放量|点赞数|投币数|收藏数|弹幕数|分享数|评论数|
| :--: | :--: | :-------------: | --------: | :----: | -----: | -----: | -----: | -----: | -----: |
|正片|1|如果人生能重来|1759,1982|8,4626|3,5475|5,4286|4,1637|7028|4391|
|正片|16|大道朝天，各走一边|418,5778|3,8709|3,5362|7169|1,0476|905|3395|
|正片|2|偏向故山行|477,0558|2,8408|1,6205|4772|2,0862|756|874|
|正片|10|阴三是一个好名字|468,3859|2,4554|1,4448|4425|6391|643|1501|
|正片|6|人是我杀的|364,0381|2,3197|1,5928|3681|5855|371|763|
|正片|4|剑归青山|438,4736|2,2937|1,4234|3806|7396|461|872|
|正片|3|公子只是怕麻烦|395,0783|2,2642|1,3562|3679|7273|443|793|
|正片|7|少年你意欲何为|348,8582|2,2098|1,5806|3197|7571|387|929|
|正片|5|隔着漫天血花相对|390,1884|2,0321|1,4333|3442|7656|502|1104|
|正片|11|养不熟的刘阿大|393,3090|1,9730|1,2978|2986|8610|367|898|

### 数据可视化

![点赞数TOP10](./images/点赞数TOP10.png)

## 投币数TOP10

### 表格数据

|类型|集数|名称|播放量|点赞数|投币数|收藏数|弹幕数|分享数|评论数|
| :--: | :--: | :-------------: | --------: | :----: | -----: | -----: | -----: | -----: | -----: |
|正片|1|如果人生能重来|1759,1982|8,4626|3,5475|5,4286|4,1637|7028|4391|
|正片|16|大道朝天，各走一边|418,5778|3,8709|3,5362|7169|1,0476|905|3395|
|正片|2|偏向故山行|477,0558|2,8408|1,6205|4772|2,0862|756|874|
|正片|6|人是我杀的|364,0381|2,3197|1,5928|3681|5855|371|763|
|正片|7|少年你意欲何为|348,8582|2,2098|1,5806|3197|7571|387|929|
|正片|10|阴三是一个好名字|468,3859|2,4554|1,4448|4425|6391|643|1501|
|正片|5|隔着漫天血花相对|390,1884|2,0321|1,4333|3442|7656|502|1104|
|正片|4|剑归青山|438,4736|2,2937|1,4234|3806|7396|461|872|
|正片|9|原来你一直在这里|339,4972|1,9666|1,3950|2818|6175|401|1306|
|正片|3|公子只是怕麻烦|395,0783|2,2642|1,3562|3679|7273|443|793|

### 数据可视化

![投币数TOP10](./images/投币数TOP10.png)

## 收藏数TOP10

### 表格数据

|类型|集数|名称|播放量|点赞数|投币数|收藏数|弹幕数|分享数|评论数|
| :--: | :--: | :-------------: | --------: | :----: | -----: | -----: | -----: | -----: | -----: |
|正片|1|如果人生能重来|1759,1982|8,4626|3,5475|5,4286|4,1637|7028|4391|
|正片|16|大道朝天，各走一边|418,5778|3,8709|3,5362|7169|1,0476|905|3395|
|正片|2|偏向故山行|477,0558|2,8408|1,6205|4772|2,0862|756|874|
|正片|10|阴三是一个好名字|468,3859|2,4554|1,4448|4425|6391|643|1501|
|正片|4|剑归青山|438,4736|2,2937|1,4234|3806|7396|461|872|
|正片|6|人是我杀的|364,0381|2,3197|1,5928|3681|5855|371|763|
|正片|3|公子只是怕麻烦|395,0783|2,2642|1,3562|3679|7273|443|793|
|正片|5|隔着漫天血花相对|390,1884|2,0321|1,4333|3442|7656|502|1104|
|正片|7|少年你意欲何为|348,8582|2,2098|1,5806|3197|7571|387|929|
|正片|11|养不熟的刘阿大|393,3090|1,9730|1,2978|2986|8610|367|898|

### 数据可视化

![收藏数TOP10](./images/收藏数TOP10.png)

## 弹幕数TOP10

### 表格数据

|类型|集数|名称|播放量|点赞数|投币数|收藏数|弹幕数|分享数|评论数|
| :--: | :--: | :-------------: | --------: | :----: | -----: | -----: | -----: | -----: | -----: |
|正片|1|如果人生能重来|1759,1982|8,4626|3,5475|5,4286|4,1637|7028|4391|
|正片|2|偏向故山行|477,0558|2,8408|1,6205|4772|2,0862|756|874|
|正片|16|大道朝天，各走一边|418,5778|3,8709|3,5362|7169|1,0476|905|3395|
|正片|11|养不熟的刘阿大|393,3090|1,9730|1,2978|2986|8610|367|898|
|正片|5|隔着漫天血花相对|390,1884|2,0321|1,4333|3442|7656|502|1104|
|正片|7|少年你意欲何为|348,8582|2,2098|1,5806|3197|7571|387|929|
|正片|4|剑归青山|438,4736|2,2937|1,4234|3806|7396|461|872|
|正片|3|公子只是怕麻烦|395,0783|2,2642|1,3562|3679|7273|443|793|
|正片|10|阴三是一个好名字|468,3859|2,4554|1,4448|4425|6391|643|1501|
|正片|9|原来你一直在这里|339,4972|1,9666|1,3950|2818|6175|401|1306|

### 数据可视化

![弹幕数TOP10](./images/弹幕数TOP10.png)

## 分享数TOP10

### 表格数据

|类型|集数|名称|播放量|点赞数|投币数|收藏数|弹幕数|分享数|评论数|
| :--: | :--: | :-------------: | --------: | :----: | -----: | -----: | -----: | -----: | -----: |
|正片|1|如果人生能重来|1759,1982|8,4626|3,5475|5,4286|4,1637|7028|4391|
|正片|16|大道朝天，各走一边|418,5778|3,8709|3,5362|7169|1,0476|905|3395|
|正片|2|偏向故山行|477,0558|2,8408|1,6205|4772|2,0862|756|874|
|正片|10|阴三是一个好名字|468,3859|2,4554|1,4448|4425|6391|643|1501|
|正片|5|隔着漫天血花相对|390,1884|2,0321|1,4333|3442|7656|502|1104|
|正片|4|剑归青山|438,4736|2,2937|1,4234|3806|7396|461|872|
|正片|3|公子只是怕麻烦|395,0783|2,2642|1,3562|3679|7273|443|793|
|正片|9|原来你一直在这里|339,4972|1,9666|1,3950|2818|6175|401|1306|
|正片|7|少年你意欲何为|348,8582|2,2098|1,5806|3197|7571|387|929|
|正片|6|人是我杀的|364,0381|2,3197|1,5928|3681|5855|371|763|

### 数据可视化

![分享数TOP10](./images/分享数TOP10.png)

## 评论数TOP10

### 表格数据

|类型|集数|名称|播放量|点赞数|投币数|收藏数|弹幕数|分享数|评论数|
| :--: | :--: | :-------------: | --------: | :----: | -----: | -----: | -----: | -----: | -----: |
|正片|1|如果人生能重来|1759,1982|8,4626|3,5475|5,4286|4,1637|7028|4391|
|正片|16|大道朝天，各走一边|418,5778|3,8709|3,5362|7169|1,0476|905|3395|
|正片|10|阴三是一个好名字|468,3859|2,4554|1,4448|4425|6391|643|1501|
|正片|9|原来你一直在这里|339,4972|1,9666|1,3950|2818|6175|401|1306|
|正片|5|隔着漫天血花相对|390,1884|2,0321|1,4333|3442|7656|502|1104|
|正片|8|我也是这么想的|330,2922|1,8799|1,2716|2698|5916|333|1009|
|正片|7|少年你意欲何为|348,8582|2,2098|1,5806|3197|7571|387|929|
|正片|11|养不熟的刘阿大|393,3090|1,9730|1,2978|2986|8610|367|898|
|正片|2|偏向故山行|477,0558|2,8408|1,6205|4772|2,0862|756|874|
|正片|4|剑归青山|438,4736|2,2937|1,4234|3806|7396|461|872|

### 数据可视化

![评论数TOP10](./images/评论数TOP10.png)

